180.99	32.941
181.20	32.941
181.42	32.941
181.63	-52.727
181.85	600.000
182.06	148.000
182.27	29.500
182.49	-7.778
182.70	-43.077
182.92	40.952
183.13	3.438
183.35	78.095
183.56	137.370
183.78	296.825
183.99	360.408
184.21	52.798
184.42	85.284
184.63	-58.039
184.85	-7.681
185.06	4.367
185.28	13.278
185.49	-3.023
185.71	6.520
185.92	9.585
186.14	12.606
186.35	-38.130
186.57	8.281
186.78	7.239
186.99	20.708
187.21	3.925
187.42	16.714
187.64	12.884
187.85	-2.878
188.07	19.206
188.28	9.290
188.49	1.919
188.71	22.043
188.92	4.841
189.14	-0.415
189.35	20.518
189.57	-7.104
189.78	5.655
190.00	12.802
190.21	13.549
190.42	6.380
190.64	-12.896
190.85	1.728
191.07	11.938
191.28	5.779
191.50	-15.172
191.71	0.964
191.92	-11.551
192.14	0.024
192.35	21.507
192.57	2.108
192.78	18.684
192.99	-4.681
193.21	9.593
193.42	-0.976
193.64	1.988
193.85	23.478
194.07	22.354
194.28	15.639
194.49	10.130
194.71	18.047
194.92	13.155
195.14	5.332
195.35	7.649
195.56	6.124
195.78	-7.276
195.99	4.839
196.21	8.247
196.42	23.860
196.64	6.509
196.85	-5.492
197.06	9.942
197.28	-14.773
197.49	-2.306
197.71	14.045
197.92	23.010
198.13	6.482
198.35	2.615
198.56	14.387
198.78	14.064
198.99	-1.811
199.20	29.622
199.42	3.055
199.63	4.379
199.84	-2.953
200.06	1.621
200.27	21.158
200.49	15.122
200.70	-3.708
200.91	8.868
201.13	13.754
201.34	13.632
201.56	8.759
201.77	8.375
201.98	22.649
202.20	-0.346
202.41	7.985
202.63	17.044
202.84	0.678
203.05	11.084
203.27	0.012
203.48	17.138
203.69	9.431
203.91	14.407
204.12	12.407
204.34	20.480
204.55	19.738
204.76	17.872
204.98	8.199
205.19	6.471
205.40	-5.217
205.62	-1.118
205.83	11.659
206.05	9.417
206.26	-5.375
206.47	2.532
206.69	19.891
206.90	7.257
207.11	13.995
207.33	20.590
207.54	12.450
207.75	19.098
207.97	19.507
208.18	17.317
208.40	14.684
208.61	5.314
208.82	6.084
209.04	4.039
209.25	10.592
209.46	3.860
209.68	9.935
209.89	0.308
210.10	2.747
210.32	16.511
210.53	14.021
210.74	5.781
210.96	28.726
211.17	-1.637
211.38	20.510
211.60	24.828
211.81	0.004
212.03	3.708
212.24	4.827
212.45	-0.928
212.67	6.841
212.88	11.468
213.09	13.266
213.31	4.617
213.52	17.116
213.73	26.633
213.95	8.641
214.16	-1.368
214.37	6.445
214.59	3.506
214.80	2.499
215.01	20.085
215.23	17.534
215.44	1.323
215.65	27.558
215.87	11.681
216.08	10.527
216.29	0.773
216.51	8.969
216.72	15.992
216.93	30.757
217.15	6.663
217.36	4.072
217.57	23.388
217.78	10.141
218.00	27.654
218.21	13.085
218.42	20.837
218.64	12.667
218.85	-10.534
219.06	7.811
219.28	22.447
219.49	2.352
219.70	18.800
219.92	3.085
220.13	0.012
220.34	9.716
220.56	24.226
220.77	14.780
220.98	13.140
221.20	-3.260
221.41	0.081
221.62	3.236
221.83	24.304
222.05	12.744
222.26	13.773
222.47	1.721
222.69	31.952
222.90	10.593
223.11	15.391
223.33	14.871
223.54	17.939
223.75	7.928
223.96	8.049
224.18	18.634
224.39	1.363
224.60	13.094
224.82	8.342
225.03	16.160
225.24	11.559
225.45	10.993
225.67	9.381
225.88	16.326
226.09	4.356
226.31	9.844
226.52	-1.096
226.73	6.146
226.94	11.669
227.16	15.430
227.37	1.299
227.58	10.853
227.80	4.710
228.01	13.563
228.22	14.779
228.43	14.906
228.65	3.432
228.86	2.905
229.07	13.408
229.29	10.037
229.50	11.586
229.71	11.939
229.92	10.317
230.14	6.576
230.35	13.635
230.56	-5.731
230.77	21.084
230.99	10.460
231.20	9.806
231.41	14.025
231.62	6.646
231.84	5.307
232.05	-0.662
232.26	18.741
232.48	-6.002
232.69	15.245
232.90	2.876
233.11	16.998
233.33	0.225
233.54	-8.059
233.75	11.490
233.96	9.132
234.18	9.609
234.39	-10.979
234.60	16.519
234.81	14.701
235.03	18.118
235.24	0.316
235.45	6.184
235.66	20.985
235.88	8.680
236.09	15.538
236.30	10.818
236.51	17.184
236.73	1.748
236.94	8.701
237.15	14.981
237.36	5.978
237.57	10.898
237.79	16.943
238.00	19.980
238.21	4.524
238.42	29.552
238.64	19.033
238.85	2.937
239.06	-7.049
239.27	2.789
239.49	25.669
239.70	19.885
239.91	-2.901
240.12	3.905
240.34	0.991
240.55	-9.379
240.76	4.116
240.97	7.124
241.18	-2.682
241.40	6.356
241.61	8.114
241.82	7.379
242.03	8.192
242.25	-5.995
242.46	6.958
242.67	14.006
242.88	8.097
243.09	17.516
243.31	18.636
243.52	9.050
243.73	10.265
243.94	-6.118
244.15	10.410
244.37	17.608
244.58	1.361
244.79	23.008
245.00	25.259
245.21	4.765
245.43	13.396
245.64	8.503
245.85	2.344
246.06	1.959
246.27	11.759
246.49	9.097
246.70	20.580
246.91	12.044
247.12	11.698
247.33	21.992
247.55	19.921
247.76	5.091
247.97	5.169
248.18	1.944
248.39	13.319
248.61	13.999
248.82	3.934
249.03	3.040
249.24	17.255
249.45	7.756
249.67	-5.687
249.88	17.976
250.09	15.657
250.30	11.199
250.51	9.242
250.73	14.958
250.94	16.333
251.15	16.241
251.36	14.650
251.57	18.483
251.78	7.889
252.00	14.240
252.21	-3.991
252.42	-4.100
252.63	11.615
252.84	1.539
253.05	9.986
253.27	18.574
253.48	12.346
253.69	-0.834
253.90	0.704
254.11	9.801
254.32	21.711
254.54	3.404
254.75	3.884
254.96	8.674
255.17	9.238
255.38	4.475
255.59	13.820
255.81	22.625
256.02	1.329
256.23	19.601
256.44	19.874
256.65	25.106
256.86	9.145
257.08	20.263
257.29	-10.693
257.50	6.671
257.71	4.544
257.92	11.609
258.13	13.437
258.34	13.742
258.56	28.956
258.77	17.762
258.98	15.427
259.19	4.865
259.40	9.104
259.61	10.072
259.82	8.738
260.04	16.165
260.25	21.939
260.46	15.864
260.67	4.132
260.88	16.271
261.09	12.454
261.30	9.172
261.52	22.476
261.73	21.951
261.94	14.547
262.15	13.659
262.36	9.875
262.57	-7.982
262.78	-3.005
262.99	4.583
263.21	0.153
263.42	13.824
263.63	15.755
263.84	9.085
264.05	-2.919
264.26	1.919
264.47	11.456
264.68	-2.850
264.90	14.630
265.11	11.882
265.32	10.370
265.53	15.282
265.74	10.064
265.95	16.697
266.16	23.575
266.37	10.069
266.59	12.653
266.80	13.629
267.01	8.589
267.22	11.145
267.43	16.544
267.64	11.963
267.85	13.883
268.06	23.346
268.27	19.709
268.48	-5.777
268.70	8.286
268.91	22.778
269.12	11.881
269.33	4.104
269.54	12.778
269.75	7.882
269.96	18.796
270.17	14.756
270.38	15.217
270.59	25.170
270.81	12.018
271.02	10.861
271.23	5.735
271.44	25.852
271.65	9.548
271.86	-14.791
272.07	19.220
272.28	13.254
272.49	3.637
272.70	22.896
272.91	10.725
273.13	6.589
273.34	19.595
273.55	18.011
273.76	5.863
273.97	13.269
274.18	4.104
274.39	11.202
274.60	3.163
274.81	-1.399
275.02	12.010
275.23	12.321
275.44	23.429
275.65	1.939
275.86	8.912
276.08	25.539
276.29	21.847
276.50	7.216
276.71	8.588
276.92	8.784
277.13	15.852
277.34	14.015
277.55	22.234
277.76	23.720
277.97	4.029
278.18	23.100
278.39	22.954
278.60	5.686
278.81	12.907
279.02	17.708
279.23	17.679
279.45	2.340
279.66	-3.640
279.87	-0.310
280.08	15.146
280.29	18.357
280.50	11.700
280.71	10.942
280.92	5.356
281.13	18.563
281.34	18.143
281.55	24.071
281.76	3.425
281.97	15.587
282.18	13.781
282.39	1.843
282.60	20.601
282.81	22.275
283.02	11.576
283.23	19.855
283.44	24.115
283.65	13.844
283.86	-3.691
284.07	12.076
284.28	14.086
284.50	0.140
284.71	19.521
284.92	13.051
285.13	7.063
285.34	23.363
285.55	8.860
285.76	15.515
285.97	24.658
286.18	23.776
286.39	13.785
286.60	19.958
286.81	3.439
287.02	22.525
287.23	10.154
287.44	12.427
287.65	16.134
287.86	5.950
288.07	15.265
288.28	18.296
288.49	8.337
288.70	17.371
288.91	19.125
289.12	17.437
289.33	-3.966
289.54	19.345
289.75	11.975
289.96	8.930
290.17	23.814
290.38	11.416
290.59	10.647
290.80	14.402
291.01	16.499
291.22	5.095
291.43	-6.156
291.64	24.387
291.85	21.324
292.06	11.017
292.27	24.273
292.48	12.187
292.69	12.843
292.90	3.481
293.11	2.120
293.32	10.930
293.53	4.205
293.74	17.642
293.95	16.178
294.16	16.655
294.37	7.005
294.58	16.546
294.79	23.095
295.00	10.402
295.21	11.366
295.42	9.902
295.63	11.375
295.84	25.751
296.05	14.200
296.26	9.586
296.47	29.183
296.68	14.325
296.89	10.196
297.10	18.085
297.31	15.190
297.51	21.337
297.72	23.854
297.93	21.742
298.14	22.179
298.35	1.535
298.56	17.709
298.77	18.631
298.98	12.683
299.19	15.225
299.40	11.410
299.61	10.445
299.82	14.076
300.03	11.972
300.24	20.290
300.45	24.411
300.66	26.550
300.87	21.125
301.08	19.544
301.29	23.713
301.50	16.661
301.71	4.682
301.92	15.026
302.13	13.511
302.33	16.381
302.54	20.337
302.75	16.090
302.96	22.795
303.17	14.539
303.38	3.726
303.59	19.350
303.80	33.114
304.01	20.355
304.22	23.418
304.43	14.510
304.64	6.220
304.85	2.347
305.06	12.795
305.27	8.516
305.48	22.676
305.68	5.738
305.89	21.765
306.10	7.886
306.31	23.537
306.52	15.818
306.73	16.570
306.94	7.895
307.15	15.678
307.36	15.541
307.57	18.782
307.78	11.856
307.99	20.872
308.20	10.665
308.40	4.473
308.61	10.080
308.82	9.782
309.03	8.040
309.24	7.439
309.45	20.870
309.66	27.224
309.87	16.619
310.08	14.691
310.29	11.990
310.50	33.972
310.71	2.482
310.91	15.703
311.12	20.880
311.33	13.849
311.54	15.730
311.75	10.524
311.96	12.101
312.17	12.293
312.38	13.580
312.59	13.794
312.80	9.080
313.00	7.589
313.21	12.131
313.42	18.052
313.63	13.402
313.84	22.196
314.05	15.045
314.26	26.174
314.47	15.790
314.68	11.614
314.88	10.754
315.09	18.217
315.30	10.260
315.51	17.545
315.72	31.224
315.93	16.168
316.14	-4.946
316.35	22.458
316.55	10.889
316.76	18.888
316.97	10.015
317.18	16.640
317.39	22.090
317.60	27.616
317.81	15.146
318.02	22.133
318.22	21.286
318.43	-1.582
318.64	23.521
318.85	25.521
319.06	11.029
319.27	23.701
319.48	19.011
319.69	20.901
319.89	20.306
320.10	17.995
320.31	10.062
320.52	7.519
320.73	24.230
320.94	23.094
321.15	17.651
321.35	27.473
321.56	22.097
321.77	19.821
321.98	24.198
322.19	27.412
322.40	22.585
322.60	17.149
322.81	21.756
323.02	25.839
323.23	30.264
323.44	8.447
323.65	15.802
323.86	11.658
324.06	15.188
324.27	6.464
324.48	12.527
324.69	19.455
324.90	20.599
325.11	18.803
325.31	13.889
325.52	9.113
325.73	20.171
325.94	13.771
326.15	27.256
326.36	21.083
326.56	17.941
326.77	19.521
326.98	18.561
327.19	21.041
327.40	17.449
327.61	8.710
327.81	24.744
328.02	21.274
328.23	15.827
328.44	25.353
328.65	16.799
328.85	20.669
329.06	19.787
329.27	13.976
329.48	19.340
329.69	24.801
329.89	15.910
330.10	12.267
330.31	25.990
330.52	16.444
330.73	19.918
330.94	14.350
331.14	15.469
331.35	26.835
331.56	22.008
331.77	20.994
331.98	13.107
332.18	29.403
332.39	19.401
332.60	20.133
332.81	17.022
333.02	25.361
333.22	15.306
333.43	12.315
333.64	13.652
333.85	20.035
334.06	19.309
334.26	18.192
334.47	13.805
334.68	18.064
334.89	9.699
335.09	16.107
335.30	21.068
335.51	15.535
335.72	12.634
335.93	21.127
336.13	22.424
336.34	23.566
336.55	22.119
336.76	8.603
336.96	13.361
337.17	17.944
337.38	18.616
337.59	12.165
337.80	18.633
338.00	16.807
338.21	18.860
338.42	16.101
338.63	21.684
338.83	14.324
339.04	19.251
339.25	18.901
339.46	13.774
339.66	10.763
339.87	17.222
340.08	16.997
340.29	7.279
340.49	15.506
340.70	12.042
340.91	20.555
341.12	14.430
341.33	20.265
341.53	22.003
341.74	15.766
341.95	15.359
342.16	21.029
342.36	16.425
342.57	18.867
342.78	13.613
342.99	19.879
343.19	16.981
343.40	13.405
343.61	21.223
343.81	11.511
344.02	20.106
344.23	20.681
344.44	17.406
344.64	17.154
344.85	14.056
345.06	16.593
345.27	20.028
345.47	16.312
345.68	16.189
345.89	15.748
346.10	16.478
346.30	12.410
346.51	14.232
346.72	17.905
346.92	20.383
347.13	22.848
347.34	21.627
347.55	20.800
347.75	21.230
347.96	14.905
348.17	9.846
348.38	23.527
348.58	14.854
348.79	18.191
349.00	16.513
349.20	23.063
349.41	16.506
349.62	12.609
349.82	18.283
350.03	16.155
350.24	14.705
350.45	26.819
350.65	14.153
350.86	13.154
351.07	22.522
351.27	18.397
351.48	20.246
351.69	19.689
351.90	15.930
352.10	17.381
352.31	18.320
352.52	16.720
352.72	18.130
352.93	17.961
353.14	23.204
353.34	17.943
353.55	14.507
353.76	22.254
353.96	22.109
354.17	14.774
354.38	15.784
354.59	17.328
354.79	16.644
355.00	18.437
355.21	18.543
355.41	15.255
355.62	17.016
355.83	17.562
356.03	16.945
356.24	22.602
356.45	19.272
356.65	15.069
356.86	19.293
357.07	23.925
357.27	15.363
357.48	16.251
357.69	18.629
357.89	22.219
358.10	15.967
358.31	17.320
358.51	15.382
358.72	13.689
358.93	20.755
359.13	17.630
359.34	15.332
359.55	20.978
359.75	12.517
359.96	19.578
360.17	17.946
360.37	17.495
360.58	15.881
360.79	19.840
360.99	12.480
361.20	21.187
361.41	16.244
361.61	20.923
361.82	17.747
362.02	19.076
362.23	13.161
362.44	16.368
362.64	18.603
362.85	19.228
363.06	16.498
363.26	20.108
363.47	16.244
363.68	20.063
363.88	15.749
364.09	12.053
364.30	14.015
364.50	18.845
364.71	18.494
364.91	19.462
365.12	19.126
365.33	17.989
365.53	19.976
365.74	18.588
365.95	16.537
366.15	24.744
366.36	17.517
366.56	17.386
366.77	10.676
366.98	18.029
367.18	16.791
367.39	20.611
367.60	17.725
367.80	16.561
368.01	17.743
368.21	18.195
368.42	18.669
368.63	16.544
368.83	19.688
369.04	17.428
369.24	16.510
369.45	17.738
369.66	17.352
369.86	17.190
370.07	22.507
370.27	20.360
370.48	18.866
370.69	19.828
370.89	18.216
371.10	17.653
371.30	14.314
371.51	21.283
371.72	18.528
371.92	16.695
372.13	15.537
372.33	15.834
372.54	18.451
372.75	16.921
372.95	17.388
373.16	17.920
373.36	18.193
373.57	19.061
373.77	18.884
373.98	16.203
374.19	18.999
374.39	17.888
374.60	17.938
374.80	16.541
375.01	16.598
375.22	14.694
375.42	20.785
375.63	16.656
375.83	18.801
376.04	16.986
376.24	16.921
376.45	19.176
376.66	17.769
376.86	17.316
377.07	19.637
377.27	17.158
377.48	12.217
377.68	18.727
377.89	18.285
378.09	16.933
378.30	19.276
378.51	18.747
378.71	18.051
378.92	15.941
379.12	16.470
379.33	15.820
379.53	13.836
379.74	17.872
379.94	15.154
380.15	16.494
380.36	18.340
380.56	15.562
380.77	15.408
380.97	17.336
381.18	16.661
381.38	17.397
381.59	18.736
381.79	16.889
382.00	18.099
382.20	17.670
382.41	18.608
382.62	18.410
382.82	17.322
383.03	13.852
383.23	14.441
383.44	15.411
383.64	15.747
383.85	18.661
384.05	16.464
384.26	17.177
384.46	16.117
384.67	16.800
384.87	16.403
385.08	18.138
385.28	15.588
385.49	18.797
385.69	18.629
385.90	18.079
386.10	18.523
386.31	13.926
386.51	18.628
386.72	18.566
386.93	16.788
387.13	15.966
387.34	15.611
387.54	19.137
387.75	18.022
387.95	18.135
388.16	17.473
388.36	20.429
388.57	16.993
388.77	18.558
388.98	16.542
389.18	16.581
389.39	17.108
389.59	16.145
389.80	16.273
390.00	15.455
390.21	16.603
390.41	17.882
390.62	17.070
390.82	18.244
391.02	16.609
391.23	17.059
391.43	16.702
391.64	17.491
391.84	17.567
392.05	17.162
392.25	17.249
392.46	18.527
392.66	16.912
392.87	19.171
393.07	18.836
393.28	18.391
393.48	18.762
393.69	15.973
393.89	17.226
394.10	18.677
394.30	18.942
394.51	17.442
394.71	17.013
394.92	16.037
395.12	17.941
395.33	14.951
395.53	17.620
395.73	16.336
395.94	15.962
396.14	13.975
396.35	18.071
396.55	18.017
396.76	18.825
396.96	17.578
397.17	17.511
397.37	17.704
397.58	17.518
397.78	15.520
397.98	15.777
398.19	18.221
398.39	19.770
398.60	17.015
398.80	17.842
399.01	18.731
399.21	15.900
399.42	15.404
399.62	18.232
399.82	17.759
400.03	15.487
400.23	16.911
400.44	17.085
400.64	17.322
400.85	16.589
401.05	16.344
401.25	16.555
401.46	15.094
401.66	17.478
401.87	18.738
402.07	18.098
402.28	16.996
402.48	16.837
402.68	17.435
402.89	17.771
403.09	17.456
403.30	16.449
403.50	17.636
403.71	16.442
403.91	17.234
404.11	16.179
404.32	16.789
404.52	16.514
404.73	16.122
404.93	17.223
405.13	17.647
405.34	14.973
405.54	17.191
405.75	16.881
405.95	16.320
406.16	18.723
406.36	15.213
406.56	15.996
406.77	18.084
406.97	16.670
407.18	17.417
407.38	15.211
407.58	16.503
407.79	16.314
407.99	15.880
408.19	14.899
408.40	17.941
408.60	17.295
408.81	17.482
409.01	16.466
409.21	16.236
409.42	14.990
409.62	16.158
409.83	16.056
410.03	16.682
410.23	16.019
410.44	16.562
410.64	16.978
410.84	16.862
411.05	15.823
411.25	18.169
411.46	15.981
411.66	17.705
411.86	17.311
412.07	17.054
412.27	15.929
412.47	16.901
412.68	18.186
412.88	17.504
413.09	16.405
413.29	15.972
413.49	15.326
413.70	15.215
413.90	14.802
414.10	16.202
414.31	15.844
414.51	15.207
414.71	15.868
414.92	16.629
415.12	17.099
415.32	17.594
415.53	16.593
415.73	16.478
415.94	15.811
416.14	16.685
416.34	16.915
416.55	14.400
416.75	16.309
416.95	16.570
417.16	16.413
417.36	15.274
417.56	16.124
417.77	14.578
417.97	16.252
418.17	16.466
418.38	15.464
418.58	15.504
418.78	14.940
418.99	18.024
419.19	16.604
419.39	16.460
419.60	15.884
419.80	15.786
420.00	15.768
420.21	16.154
420.41	14.940
420.61	17.196
420.82	15.570
421.02	15.982
421.22	15.706
421.42	15.122
421.63	15.165
421.83	16.932
422.03	16.024
422.24	15.550
422.44	14.447
422.64	16.943
422.85	15.218
423.05	16.487
423.25	15.550
423.46	15.720
423.66	15.685
423.86	14.744
424.07	16.168
424.27	15.814
424.47	15.488
424.67	16.275
424.88	14.982
425.08	16.279
425.28	16.065
425.49	15.236
425.69	15.771
425.89	13.457
426.09	15.263
426.30	15.176
426.50	15.751
426.70	15.358
426.91	15.692
427.11	14.108
427.31	16.182
427.51	14.506
427.72	16.629
427.92	15.394
428.12	15.318
428.33	14.572
428.53	15.323
428.73	15.458
428.93	15.026
429.14	15.569
429.34	15.590
429.54	15.923
429.74	16.384
429.95	14.305
430.15	16.101
430.35	13.900
430.56	14.557
430.76	15.765
430.96	14.172
431.16	14.697
431.37	13.758
431.57	15.153
431.77	15.191
431.97	16.380
432.18	14.141
432.38	15.904
432.58	13.997
432.78	14.413
432.99	15.107
433.19	15.531
433.39	13.734
433.59	15.393
433.80	14.397
434.00	14.919
434.20	14.668
434.40	15.352
434.61	14.515
434.81	15.253
435.01	15.605
435.21	14.747
435.41	14.512
435.62	14.793
435.82	15.143
436.02	14.773
436.22	13.463
436.43	14.722
436.63	14.413
436.83	14.286
437.03	14.130
437.23	14.276
437.44	14.774
437.64	14.745
437.84	14.524
438.04	14.072
438.25	14.266
438.45	14.745
438.65	14.729
438.85	14.543
439.05	14.783
439.26	14.805
439.46	15.086
439.66	13.980
439.86	14.559
440.06	14.218
440.27	14.727
440.47	14.762
440.67	14.218
440.87	14.015
441.08	14.482
441.28	14.031
441.48	15.027
441.68	14.112
441.88	14.914
442.08	15.298
442.29	13.975
442.49	14.930
442.69	14.543
442.89	15.455
443.09	14.049
443.30	14.979
443.50	13.979
443.70	14.720
443.90	13.726
444.10	13.884
444.31	14.137
444.51	13.903
444.71	13.716
444.91	14.752
445.11	13.879
445.31	14.032
445.52	14.368
445.72	14.601
445.92	13.198
446.12	14.015
446.32	15.065
446.52	14.221
446.73	14.395
446.93	14.559
447.13	14.117
447.33	13.210
447.53	15.079
447.73	14.600
447.94	14.131
448.14	14.111
448.34	14.206
448.54	13.431
448.74	14.367
448.94	13.646
449.15	15.013
449.35	13.266
449.55	14.638
449.75	14.829
449.95	13.870
450.15	15.164
450.35	14.025
450.56	13.529
450.76	14.250
450.96	13.743
451.16	14.337
451.36	13.609
451.56	14.537
451.76	14.129
451.96	13.533
452.17	14.267
452.37	14.237
452.57	13.721
452.77	14.645
452.97	14.005
453.17	14.473
453.37	14.219
453.58	14.808
453.78	14.571
453.98	13.964
454.18	14.257
454.38	14.624
454.58	14.102
454.78	14.592
454.98	15.540
455.18	15.248
455.39	14.623
455.59	13.898
455.79	14.159
455.99	14.375
456.19	14.256
456.39	14.159
456.59	14.147
456.79	14.872
456.99	13.557
457.20	13.934
457.40	15.343
457.60	13.410
457.80	14.227
458.00	13.943
458.20	14.966
458.40	14.666
458.60	13.621
458.80	14.564
459.00	14.836
459.20	14.612
459.41	13.755
459.61	15.127
459.81	14.267
460.01	13.959
460.21	14.211
460.41	14.092
460.61	15.436
460.81	13.693
461.01	14.871
461.21	15.097
461.41	14.717
461.61	14.687
461.82	14.892
462.02	14.319
462.22	14.827
462.42	15.615
462.62	14.804
462.82	14.165
463.02	14.899
463.22	14.487
463.42	15.080
463.62	14.379
463.82	14.678
464.02	15.196
464.22	14.457
464.42	14.462
464.62	15.467
464.82	14.422
465.03	15.731
465.23	15.362
465.43	14.432
465.63	14.829
465.83	15.236
466.03	14.607
466.23	15.417
466.43	14.914
466.63	14.518
466.83	15.008
467.03	14.975
467.23	14.795
467.43	15.371
467.63	15.593
467.83	15.614
468.03	15.498
468.23	15.806
468.43	15.070
468.63	15.497
468.83	15.302
469.03	15.567
469.23	14.942
469.43	15.365
469.63	15.210
469.83	15.559
470.03	14.815
470.23	15.023
470.44	15.790
470.64	15.766
470.84	15.310
471.04	15.765
471.24	15.355
471.44	16.355
471.64	15.357
471.84	16.042
472.04	15.907
472.24	15.767
472.44	15.487
472.64	15.812
472.84	15.987
473.04	15.746
473.24	15.900
473.44	15.076
473.64	15.981
473.84	15.560
474.04	15.697
474.24	15.925
474.44	16.346
474.64	15.558
474.84	15.556
475.04	16.336
475.24	16.043
475.44	16.216
475.64	15.733
475.84	16.317
476.04	16.217
476.24	15.472
476.44	16.480
476.63	16.146
476.83	16.228
477.03	16.706
477.23	16.490
477.43	16.336
477.63	16.039
477.83	16.086
478.03	16.213
478.23	16.723
478.43	16.700
478.63	16.599
478.83	16.882
479.03	16.334
479.23	16.253
479.43	16.135
479.63	16.802
479.83	16.608
480.03	16.733
480.23	16.513
480.43	16.475
480.63	16.598
480.83	16.797
481.03	16.820
481.23	16.711
481.43	17.011
481.63	16.921
481.83	17.398
482.02	17.344
482.22	17.339
482.42	17.014
482.62	16.406
482.82	16.961
483.02	17.201
483.22	17.466
483.42	17.134
483.62	16.951
483.82	17.192
484.02	17.350
484.22	17.389
484.42	17.999
484.62	17.450
484.82	17.295
485.02	17.833
485.21	17.628
485.41	17.909
485.61	17.642
485.81	17.489
486.01	17.607
486.21	17.909
486.41	17.840
486.61	17.658
486.81	18.080
487.01	18.006
487.21	18.130
487.41	17.629
487.60	18.106
487.80	17.897
488.00	18.072
488.20	18.243
488.40	18.078
488.60	18.104
488.80	18.128
489.00	18.530
489.20	18.475
489.40	18.735
489.59	18.733
489.79	18.401
489.99	18.499
490.19	18.431
490.39	18.444
490.59	18.933
490.79	18.877
490.99	19.071
491.19	18.735
491.38	18.580
491.58	18.716
491.78	18.529
491.98	19.130
492.18	18.789
492.38	19.106
492.58	18.988
492.78	18.843
492.98	18.664
493.17	19.230
493.37	19.188
493.57	19.341
493.77	19.288
493.97	18.927
494.17	18.921
494.37	19.598
494.56	19.268
494.76	19.486
494.96	19.637
495.16	19.318
495.36	19.535
495.56	19.030
495.76	19.682
495.95	19.137
496.15	19.970
496.35	19.464
496.55	19.672
496.75	20.049
496.95	19.648
497.15	20.016
497.34	20.182
497.54	20.405
497.74	19.819
497.94	19.893
498.14	19.953
498.34	19.800
498.53	20.005
498.73	19.955
498.93	20.142
499.13	20.289
499.33	19.930
499.53	20.703
499.72	20.578
499.92	20.433
500.12	20.306
500.32	20.231
500.52	20.462
500.72	20.521
500.91	20.858
501.11	20.376
501.31	20.501
501.51	20.951
501.71	20.829
501.91	21.037
502.10	20.979
502.30	20.720
502.50	20.894
502.70	20.933
502.90	20.781
503.09	20.925
503.29	21.419
503.49	21.358
503.69	20.848
503.89	20.945
504.08	20.603
504.28	20.983
504.48	20.953
504.68	21.194
504.88	21.217
505.07	21.144
505.27	21.264
505.47	21.759
505.67	21.252
505.87	21.717
506.06	21.540
506.26	21.486
506.46	21.396
506.66	21.709
506.86	21.930
507.05	22.020
507.25	21.395
507.45	21.694
507.65	21.435
507.84	21.987
508.04	21.612
508.24	21.939
508.44	22.024
508.64	22.228
508.83	22.123
509.03	22.192
509.23	22.316
509.43	22.015
509.62	22.309
509.82	22.352
510.02	22.215
510.22	22.096
510.41	22.781
510.61	22.465
510.81	22.332
511.01	22.595
511.20	22.486
511.40	22.501
511.60	22.479
511.80	22.172
511.99	22.391
512.19	22.789
512.39	22.499
512.59	22.685
512.78	22.836
512.98	23.043
513.18	22.525
513.38	22.925
513.57	23.348
513.77	22.946
513.97	22.996
514.17	22.714
514.36	22.803
514.56	23.083
514.76	23.474
514.96	23.099
515.15	23.022
515.35	22.863
515.55	23.167
515.74	22.913
515.94	23.171
516.14	23.236
516.34	23.567
516.53	23.698
516.73	23.552
516.93	23.516
517.12	23.161
517.32	23.659
517.52	23.333
517.72	23.009
517.91	23.783
518.11	23.452
518.31	23.297
518.50	23.491
518.70	23.539
518.90	23.749
519.10	23.796
519.29	24.335
519.49	24.122
519.69	24.081
519.88	23.751
520.08	23.589
520.28	24.005
520.47	23.952
520.67	23.953
520.87	23.912
521.06	24.061
521.26	24.363
521.46	24.311
521.66	24.376
521.85	24.145
522.05	24.413
522.25	24.250
522.44	24.253
522.64	24.444
522.84	24.514
523.03	24.058
523.23	24.364
523.43	24.167
523.62	24.220
523.82	24.766
524.02	24.460
524.21	24.477
524.41	24.598
524.61	24.445
524.80	24.657
525.00	24.898
525.20	24.894
525.39	24.836
525.59	24.753
525.79	24.676
525.98	24.915
526.18	24.433
526.38	24.590
526.57	24.994
526.77	24.744
526.96	24.591
527.16	24.780
527.36	25.062
527.55	25.270
527.75	25.082
527.95	24.881
528.14	25.112
528.34	25.397
528.54	24.976
528.73	25.631
528.93	25.297
529.12	25.197
529.32	25.552
529.52	25.006
529.71	25.498
529.91	25.161
530.11	25.700
530.30	25.458
530.50	25.469
530.70	25.395
530.89	25.639
531.09	25.349
531.28	25.657
531.48	25.805
531.68	25.555
531.87	25.756
532.07	25.537
532.26	25.714
532.46	25.652
532.66	25.676
532.85	26.031
533.05	26.037
533.24	25.734
533.44	25.789
533.64	25.713
533.83	25.870
534.03	25.849
534.22	26.094
534.42	26.015
534.62	26.239
534.81	25.922
535.01	25.731
535.20	25.722
535.40	26.228
535.60	26.127
535.79	26.765
535.99	26.475
536.18	26.403
536.38	26.162
536.58	26.010
536.77	26.066
536.97	26.099
537.16	26.407
537.36	26.036
537.55	26.375
537.75	26.644
537.95	26.305
538.14	26.205
538.34	26.455
538.53	26.270
538.73	26.239
538.92	26.774
539.12	26.874
539.32	26.874
539.51	26.987
539.71	26.770
539.90	26.713
540.10	26.326
540.29	26.464
540.49	26.305
540.68	26.644
540.88	26.658
541.08	26.676
541.27	26.802
541.47	26.949
541.66	26.606
541.86	26.537
542.05	26.500
542.25	26.718
542.44	26.723
542.64	26.925
542.83	26.802
543.03	26.776
543.22	26.509
543.42	26.815
543.62	27.077
543.81	26.907
544.01	26.864
544.20	26.900
544.40	26.737
544.59	26.637
544.79	27.273
544.98	26.730
545.18	27.107
545.37	26.807
545.57	26.618
545.76	27.505
545.96	26.624
546.15	26.907
546.35	26.903
546.54	27.226
546.74	27.074
546.93	26.855
547.13	27.011
547.32	27.054
547.52	26.906
547.71	27.166
547.91	27.121
548.10	27.075
548.30	27.466
548.49	27.117
548.69	27.237
548.88	27.413
549.08	27.042
549.27	26.948
549.47	27.482
549.66	27.082
549.86	27.745
550.05	27.282
550.25	27.405
550.44	27.427
550.64	27.460
550.83	27.229
551.03	27.395
551.22	27.892
551.42	27.462
551.61	27.404
551.81	27.549
552.00	27.490
552.20	27.498
552.39	27.777
552.58	27.557
552.78	27.646
552.97	27.445
553.17	27.321
553.36	27.338
553.56	27.716
553.75	27.564
553.95	27.665
554.14	27.620
554.34	27.563
554.53	27.665
554.73	27.322
554.92	28.024
555.11	27.747
555.31	27.320
555.50	27.803
555.70	27.835
555.89	27.608
556.09	27.711
556.28	27.493
556.48	27.625
556.67	27.663
556.86	27.715
557.06	27.513
557.25	27.737
557.45	27.588
557.64	27.701
557.84	27.607
558.03	27.756
558.22	27.564
558.42	27.920
558.61	27.858
558.81	27.862
559.00	28.018
559.20	27.917
559.39	27.653
559.58	28.063
559.78	27.585
559.97	27.995
560.17	27.951
560.36	27.935
560.55	27.844
560.75	27.974
560.94	27.815
561.14	27.889
561.33	28.221
561.52	28.031
561.72	27.708
561.91	28.124
562.11	27.972
562.30	27.983
562.49	27.865
562.69	27.951
562.88	27.677
563.08	27.866
563.27	28.108
563.46	27.896
563.66	27.791
563.85	28.111
564.05	27.997
564.24	27.999
564.43	27.928
564.63	28.082
564.82	27.818
565.02	28.059
565.21	27.746
565.40	27.760
565.60	27.796
565.79	27.938
565.98	28.105
566.18	27.927
566.37	28.458
566.56	28.058
566.76	27.796
566.95	27.791
567.15	27.673
567.34	28.100
567.53	28.047
567.73	27.982
567.92	28.176
568.11	27.855
568.31	28.043
568.50	28.234
568.69	28.332
568.89	28.169
569.08	28.050
569.27	27.993
569.47	28.008
569.66	28.120
569.85	27.973
570.05	28.097
570.24	27.878
570.44	28.256
570.63	28.220
570.82	28.340
571.02	28.144
571.21	28.462
571.40	28.129
571.60	28.152
571.79	27.974
571.98	27.861
572.17	28.096
572.37	28.139
572.56	28.184
572.75	27.939
572.95	28.095
573.14	28.492
573.33	28.361
573.53	28.041
573.72	28.244
573.91	28.015
574.11	28.052
574.30	27.993
574.49	28.015
574.69	28.021
574.88	28.178
575.07	28.234
575.27	28.245
575.46	27.940
575.65	28.113
575.84	27.971
576.04	28.104
576.23	27.965
576.42	28.099
576.62	28.086
576.81	27.887
577.00	27.924
577.19	27.945
577.39	28.146
577.58	27.872
577.77	28.297
577.97	27.762
578.16	27.832
578.35	28.025
578.54	27.818
578.74	27.829
578.93	27.763
579.12	27.664
579.32	27.828
579.51	27.709
579.70	28.021
579.89	27.780
580.09	27.975
580.28	27.997
580.47	27.900
580.66	27.916
580.86	28.224
581.05	27.855
581.24	27.846
581.43	27.844
581.63	28.026
581.82	28.141
582.01	27.730
582.20	27.854
582.40	28.020
582.59	27.905
582.78	28.039
582.97	27.963
583.17	28.099
583.36	28.021
583.55	28.036
583.74	27.881
583.94	27.644
584.13	27.899
584.32	27.695
584.51	27.812
584.71	27.369
584.90	27.759
585.09	28.067
585.28	27.767
585.48	27.695
585.67	27.714
585.86	27.527
586.05	27.775
586.24	28.051
586.44	27.922
586.63	27.786
586.82	27.784
587.01	27.902
587.20	27.904
587.40	27.865
587.59	27.756
587.78	28.051
587.97	27.565
588.17	27.510
588.36	27.749
588.55	27.401
588.74	27.724
588.93	27.600
589.13	27.601
589.32	27.707
589.51	27.759
589.70	27.553
589.89	27.949
590.09	27.438
590.28	27.622
590.47	27.727
590.66	27.584
590.85	27.608
591.04	27.670
591.24	27.394
591.43	27.677
591.62	27.446
591.81	27.636
592.00	27.229
592.20	27.280
592.39	27.125
592.58	27.301
592.77	27.321
592.96	27.235
593.15	27.271
593.35	27.223
593.54	27.621
593.73	27.557
593.92	27.439
594.11	27.336
594.30	27.397
594.50	27.416
594.69	27.528
594.88	27.542
595.07	27.334
595.26	27.579
595.45	27.319
595.64	27.147
595.84	27.374
596.03	27.201
596.22	27.189
596.41	27.188
596.60	27.310
596.79	27.156
596.98	27.254
597.18	26.985
597.37	26.866
597.56	26.982
597.75	27.232
597.94	27.104
598.13	27.245
598.32	27.134
598.52	27.125
598.71	26.938
598.90	27.028
599.09	27.130
599.28	27.060
599.47	27.062
599.66	27.240
599.85	26.954
600.04	27.057
600.24	27.066
600.43	26.882
600.62	27.162
600.81	26.929
601.00	26.968
601.19	27.271
601.38	27.110
601.57	26.737
601.76	27.103
601.96	26.836
602.15	26.912
602.34	26.891
602.53	26.591
602.72	27.057
602.91	26.747
603.10	26.841
603.29	26.517
603.48	26.657
603.67	26.394
603.86	26.614
604.06	26.345
604.25	26.281
604.44	26.530
604.63	26.607
604.82	26.420
605.01	26.440
605.20	26.538
605.39	26.492
605.58	26.397
605.77	26.412
605.96	26.721
606.15	26.474
606.34	26.391
606.54	26.437
606.73	26.136
606.92	26.258
607.11	26.159
607.30	26.163
607.49	26.137
607.68	26.620
607.87	26.293
608.06	26.462
608.25	26.097
608.44	26.199
608.63	25.916
608.82	26.391
609.01	25.934
609.20	25.977
609.39	26.223
609.58	26.023
609.77	25.821
609.96	25.852
610.15	26.002
610.35	25.898
610.54	25.827
610.73	26.091
610.92	26.299
611.11	26.007
611.30	25.825
611.49	26.143
611.68	26.349
611.87	25.805
612.06	26.070
612.25	26.079
612.44	25.970
612.63	25.989
612.82	25.821
613.01	25.793
613.20	25.607
613.39	25.795
613.58	25.557
613.77	25.614
613.96	25.625
614.15	25.580
614.34	25.593
614.53	25.729
614.72	25.757
614.91	25.485
615.10	25.819
615.29	25.322
615.48	25.491
615.67	25.449
615.86	25.455
616.05	25.442
616.24	25.597
616.43	25.468
616.62	25.297
616.81	24.985
617.00	25.473
617.19	25.088
617.38	25.396
617.57	25.476
617.76	25.018
617.95	25.495
618.14	25.422
618.33	25.330
618.52	25.148
618.71	25.183
618.90	25.105
619.09	25.050
619.28	25.240
619.47	24.999
619.65	25.282
619.84	25.083
620.03	25.158
620.22	24.816
620.41	24.969
620.60	25.183
620.79	24.844
620.98	25.248
621.17	24.947
621.36	24.978
621.55	25.129
621.74	24.932
621.93	24.842
622.12	24.680
622.31	25.168
622.50	24.757
622.69	24.718
622.88	24.877
623.07	24.930
623.25	24.883
623.44	24.856
623.63	24.744
623.82	24.843
624.01	24.791
624.20	24.700
624.39	24.816
624.58	24.860
624.77	24.537
624.96	24.741
625.15	24.481
625.34	24.913
625.53	24.530
625.71	24.720
625.90	24.459
626.09	24.516
626.28	24.514
626.47	24.592
626.66	24.723
626.85	24.554
627.04	24.584
627.23	24.418
627.42	24.500
627.61	24.542
627.79	24.506
627.98	24.340
628.17	24.349
628.36	24.440
628.55	24.503
628.74	24.289
628.93	24.471
629.12	24.256
629.31	24.386
629.49	24.324
629.68	24.059
629.87	24.297
630.06	24.192
630.25	24.452
630.44	24.110
630.63	24.313
630.82	24.236
631.00	24.096
631.19	24.175
631.38	24.122
631.57	24.242
631.76	24.133
631.95	24.169
632.14	23.977
632.33	24.165
632.51	24.260
632.70	23.961
632.89	23.838
633.08	23.889
633.27	24.010
633.46	24.015
633.65	24.028
633.83	24.028
634.02	23.744
634.21	23.820
634.40	23.613
634.59	23.778
634.78	23.739
634.96	23.694
635.15	23.640
635.34	23.558
635.53	23.677
635.72	23.527
635.91	23.399
636.09	23.524
636.28	23.428
636.47	23.366
636.66	23.472
636.85	23.388
637.04	23.316
637.22	23.303
637.41	23.306
637.60	23.429
637.79	23.275
637.98	23.250
638.16	23.357
638.35	23.252
638.54	22.940
638.73	23.199
638.92	22.770
639.11	22.944
639.29	22.886
639.48	23.148
639.67	22.969
639.86	23.055
640.05	22.827
640.23	23.160
640.42	22.729
640.61	22.963
640.80	22.980
640.99	22.573
641.17	22.821
641.36	22.762
641.55	22.709
641.74	22.678
641.92	22.382
642.11	22.473
642.30	22.522
642.49	22.631
642.68	22.520
642.86	22.364
643.05	22.373
643.24	22.335
643.43	22.266
643.61	22.296
643.80	22.237
643.99	22.018
644.18	22.175
644.36	22.157
644.55	22.026
644.74	22.187
644.93	22.021
645.12	22.030
645.30	21.780
645.49	22.034
645.68	22.013
645.87	22.056
646.05	22.101
646.24	21.846
646.43	21.800
646.62	22.016
646.80	21.626
646.99	21.781
647.18	21.761
647.36	21.816
647.55	21.511
647.74	21.632
647.93	21.834
648.11	21.683
648.30	21.471
648.49	21.653
648.68	21.661
648.86	21.546
649.05	21.550
649.24	21.756
649.43	21.431
649.61	21.498
649.80	21.475
649.99	21.518
650.17	21.336
650.36	21.327
650.55	21.140
650.74	21.354
650.92	21.079
651.11	21.276
651.30	21.164
651.48	21.116
651.67	20.983
651.86	21.120
652.04	20.924
652.23	21.050
652.42	20.960
652.61	21.099
652.79	21.144
652.98	20.806
653.17	20.811
653.35	20.903
653.54	20.828
653.73	20.752
653.91	20.766
654.10	20.818
654.29	20.677
654.47	20.634
654.66	20.714
654.85	20.651
655.03	20.486
655.22	20.491
655.41	20.546
655.59	20.321
655.78	20.447
655.97	20.330
656.15	20.286
656.34	20.181
656.53	20.368
656.71	20.384
656.90	20.192
657.09	20.230
657.27	20.266
657.46	20.220
657.65	20.038
657.83	20.198
658.02	20.237
658.21	19.892
658.39	20.019
658.58	20.067
658.77	20.139
658.95	20.043
659.14	20.039
659.33	19.982
659.51	19.922
659.70	19.865
659.88	19.776
660.07	19.792
660.26	20.012
660.44	19.686
660.63	19.677
660.82	19.606
661.00	19.458
661.19	19.644
661.37	19.306
661.56	19.615
661.75	19.409
661.93	19.269
662.12	19.250
662.31	19.427
662.49	19.074
662.68	19.215
662.86	19.428
663.05	19.375
663.24	19.227
663.42	19.325
663.61	19.382
663.79	19.209
663.98	19.455
664.17	19.274
664.35	19.258
664.54	18.999
664.72	19.262
664.91	19.182
665.10	19.173
665.28	18.880
665.47	19.070
665.65	19.061
665.84	19.058
666.02	18.826
666.21	18.775
666.40	18.778
666.58	18.785
666.77	18.833
666.95	18.886
667.14	18.807
667.32	18.858
667.51	18.803
667.70	18.893
667.88	18.791
668.07	18.492
668.25	18.738
668.44	18.594
668.62	18.468
668.81	18.598
669.00	18.416
669.18	18.472
669.37	18.226
669.55	18.448
669.74	18.390
669.92	18.529
670.11	18.338
670.29	18.355
670.48	18.104
670.66	17.901
670.85	18.365
671.04	18.275
671.22	18.088
671.41	18.012
671.59	18.015
671.78	18.057
671.96	18.005
672.15	18.031
672.33	17.915
672.52	18.055
672.70	17.712
672.89	17.708
673.07	17.697
673.26	17.584
673.44	17.736
673.63	17.803
673.81	17.825
674.00	17.672
674.18	17.503
674.37	17.667
674.56	17.722
674.74	17.713
674.93	17.474
675.11	17.447
675.30	17.514
675.48	17.502
675.67	17.486
675.85	17.349
676.04	17.614
676.22	17.343
676.41	17.335
676.59	17.178
676.77	17.375
676.96	17.252
677.14	17.173
677.33	17.034
677.51	17.335
677.70	16.957
677.88	17.287
678.07	17.105
678.25	17.225
678.44	17.068
678.62	17.082
678.81	16.764
678.99	17.128
679.18	17.073
679.36	16.864
679.55	16.852
679.73	16.861
679.92	16.955
680.10	16.870
680.29	16.833
680.47	17.010
680.65	16.701
680.84	16.638
681.02	16.726
681.21	16.710
681.39	16.576
681.58	16.581
681.76	16.576
681.95	16.418
682.13	16.641
682.31	16.577
682.50	16.607
682.68	16.441
682.87	16.280
683.05	16.431
683.24	16.300
683.42	16.345
683.60	16.171
683.79	16.185
683.97	16.088
684.16	16.103
684.34	16.289
684.53	16.267
684.71	16.246
684.89	15.933
685.08	16.182
685.26	16.270
685.45	15.926
685.63	15.852
685.82	15.964
686.00	15.891
686.18	15.929
686.37	15.786
686.55	15.913
686.74	16.018
686.92	15.716
687.10	15.899
687.29	15.879
687.47	15.711
687.66	15.942
687.84	15.793
688.02	15.941
688.21	15.819
688.39	15.783
688.58	15.709
688.76	15.602
688.94	15.843
689.13	15.335
689.31	15.541
689.49	15.676
689.68	15.793
689.86	15.783
690.05	15.657
690.23	15.465
690.41	15.215
690.60	15.504
690.78	15.455
690.96	15.336
691.15	15.391
691.33	15.221
691.51	15.116
691.70	15.231
691.88	15.232
692.07	15.455
692.25	15.321
692.43	15.015
692.62	15.201
692.80	15.236
692.98	15.216
693.17	15.035
693.35	15.197
693.53	15.109
693.72	14.910
693.90	15.129
694.08	14.816
694.27	14.867
694.45	15.007
694.63	14.798
694.82	14.934
695.00	14.887
695.18	14.839
695.37	14.717
695.55	15.016
695.73	14.965
695.92	14.718
696.10	14.460
696.28	14.697
696.47	14.664
696.65	14.677
696.83	14.521
697.02	14.494
697.20	14.712
697.38	14.587
697.56	14.689
697.75	14.493
697.93	14.287
698.11	14.322
698.30	14.144
698.48	14.271
698.66	14.331
698.85	14.294
699.03	14.175
699.21	14.258
699.39	14.435
699.58	14.265
699.76	14.194
699.94	14.092
700.13	14.028
700.31	13.943
700.49	13.928
700.67	13.985
700.86	13.873
701.04	14.181
701.22	14.262
701.41	14.035
701.59	13.892
701.77	13.868
701.95	13.796
702.14	13.766
702.32	13.641
702.50	13.673
702.68	13.949
702.87	13.904
703.05	13.851
703.23	13.766
703.41	13.806
703.60	13.692
703.78	13.854
703.96	13.763
704.14	13.752
704.33	13.654
704.51	13.521
704.69	13.507
704.87	13.572
705.06	13.442
705.24	13.332
705.42	13.388
705.60	13.358
705.79	13.620
705.97	13.624
706.15	13.171
706.33	13.360
706.52	13.423
706.70	13.327
706.88	13.585
707.06	13.248
707.24	13.370
707.43	13.237
707.61	12.924
707.79	13.119
707.97	13.013
708.15	13.136
708.34	12.936
708.52	13.141
708.70	12.882
708.88	13.179
709.07	13.181
709.25	13.152
709.43	13.313
709.61	12.914
709.79	13.105
709.98	13.104
710.16	12.728
710.34	13.080
710.52	12.848
710.70	12.799
710.88	13.036
711.07	12.918
711.25	12.689
711.43	12.763
711.61	13.040
711.79	12.671
711.98	13.021
712.16	12.729
712.34	12.629
712.52	12.929
712.70	12.694
712.88	12.526
713.07	12.811
713.25	12.738
713.43	12.384
713.61	12.763
713.79	12.399
713.97	12.527
714.16	12.588
714.34	12.454
714.52	12.484
714.70	12.101
714.88	12.432
715.06	12.278
715.24	12.299
715.43	12.523
715.61	12.138
715.79	12.489
715.97	12.214
716.15	12.427
716.33	12.276
716.51	12.582
716.70	12.489
716.88	12.588
717.06	12.649
717.24	12.518
717.42	12.424
717.60	12.385
717.78	12.359
717.96	12.217
718.15	12.298
718.33	12.513
718.51	12.255
718.69	12.019
718.87	12.312
719.05	12.343
719.23	12.227
719.41	12.081
719.59	12.326
719.78	12.029
719.96	11.964
720.14	12.224
720.32	12.217
720.50	12.050
720.68	12.183
720.86	12.186
721.04	11.976
721.22	12.140
721.40	12.017
721.59	11.788
721.77	12.033
721.95	11.977
722.13	11.865
722.31	11.930
722.49	11.984
722.67	11.628
722.85	11.816
723.03	11.567
723.21	11.792
723.39	11.784
723.57	11.503
723.75	11.626
723.94	11.636
724.12	11.781
724.30	11.678
724.48	11.761
724.66	11.359
724.84	11.481
725.02	11.317
725.20	11.675
725.38	11.753
725.56	11.599
725.74	11.634
725.92	11.492
726.10	11.423
726.28	11.393
726.46	11.350
726.64	11.585
726.82	11.332
727.00	11.471
727.18	11.553
727.36	11.596
727.55	11.668
727.73	11.408
727.91	11.292
728.09	11.360
728.27	11.369
728.45	11.054
728.63	11.439
728.81	10.966
728.99	11.198
729.17	11.067
729.35	11.189
729.53	11.270
729.71	11.216
729.89	11.145
730.07	11.337
730.25	11.091
730.43	11.178
730.61	11.321
730.79	10.791
730.97	11.062
731.15	11.187
731.33	11.068
731.51	11.211
731.69	10.963
731.87	10.934
732.05	10.775
732.23	11.008
732.41	10.945
732.59	10.688
732.77	10.926
732.95	10.734
733.13	10.547
733.31	10.649
733.49	10.659
733.67	10.432
733.85	10.493
734.03	10.714
734.21	10.789
734.39	10.555
734.56	10.672
734.74	10.637
734.92	10.519
735.10	10.589
735.28	10.695
735.46	10.211
735.64	10.597
735.82	10.418
736.00	10.562
736.18	10.688
736.36	10.767
736.54	10.460
736.72	10.543
736.90	10.471
737.08	10.496
737.26	10.552
737.44	10.300
737.62	10.797
737.80	10.209
737.98	10.586
738.15	10.730
738.33	10.573
738.51	10.693
738.69	10.502
738.87	10.582
739.05	10.566
739.23	10.541
739.41	10.408
739.59	10.638
739.77	10.607
739.95	10.396
740.13	10.597
740.31	10.756
740.48	10.340
740.66	10.205
740.84	10.152
741.02	10.672
741.20	10.537
741.38	10.001
741.56	10.580
741.74	10.492
741.92	10.273
742.10	10.467
742.27	10.247
742.45	10.612
742.63	10.102
742.81	10.215
742.99	10.170
743.17	10.333
743.35	10.625
743.53	10.386
743.71	10.392
743.88	10.233
744.06	10.170
744.24	10.091
744.42	10.258
744.60	10.242
744.78	10.021
744.96	9.983
745.14	10.061
745.31	10.202
745.49	10.297
745.67	9.983
745.85	10.202
746.03	10.170
746.21	10.078
746.39	10.054
746.56	10.214
746.74	9.943
746.92	9.925
747.10	9.878
747.28	9.845
747.46	9.726
747.63	10.274
747.81	9.691
747.99	10.037
748.17	10.044
748.35	10.163
748.53	10.161
748.70	9.855
748.88	10.015
749.06	9.696
749.24	10.121
749.42	10.168
749.60	10.194
749.77	10.050
749.95	10.012
750.13	10.002
750.31	9.939
750.49	9.668
750.67	9.958
750.84	9.763
751.02	9.732
751.20	9.729
751.38	9.915
751.56	9.845
751.73	9.681
751.91	9.728
752.09	9.756
752.27	9.683
752.45	10.067
752.62	9.647
752.80	9.694
752.98	9.712
753.16	9.746
753.34	9.678
753.51	9.570
753.69	9.643
753.87	9.666
754.05	9.628
754.22	9.594
754.40	9.612
754.58	9.513
754.76	9.685
754.94	9.805
755.11	9.787
755.29	9.726
755.47	9.636
755.65	9.536
755.82	9.505
756.00	9.580
756.18	9.709
756.36	9.663
756.53	9.572
756.71	9.683
756.89	9.575
757.07	9.308
757.24	9.969
757.42	9.660
757.60	9.652
757.78	9.472
757.95	9.564
758.13	9.645
758.31	9.774
758.49	9.768
758.66	9.281
758.84	9.657
759.02	9.329
759.20	9.480
759.37	9.262
759.55	9.569
759.73	9.426
759.90	9.415
760.08	9.433
760.26	9.415
760.44	9.547
760.61	9.622
760.79	9.519
760.97	9.418
761.14	9.514
761.32	9.444
761.50	9.577
761.68	9.683
761.85	9.938
762.03	9.311
762.21	9.216
762.38	9.282
762.56	9.614
762.74	9.554
762.91	9.291
763.09	9.471
763.27	9.132
763.44	9.236
763.62	9.667
763.80	9.305
763.98	9.156
764.15	9.174
764.33	9.423
764.51	9.268
764.68	9.225
764.86	9.492
765.04	9.530
765.21	9.212
765.39	8.971
765.57	9.564
765.74	9.286
765.92	9.001
766.10	9.333
766.27	9.284
766.45	9.357
766.63	9.469
766.80	9.040
766.98	9.391
767.16	9.255
767.33	9.132
767.51	9.259
767.68	9.392
767.86	9.324
768.04	8.888
768.21	9.397
768.39	9.448
768.57	9.119
768.74	9.360
768.92	9.023
769.10	9.173
769.27	9.302
769.45	9.630
769.62	9.201
769.80	9.116
769.98	9.297
770.15	9.082
770.33	9.470
770.51	9.225
770.68	9.039
770.86	9.114
771.03	9.065
771.21	8.932
771.39	8.941
771.56	9.231
771.74	8.895
771.91	9.076
772.09	8.911
772.27	8.971
772.44	9.434
772.62	8.839
772.79	9.058
772.97	9.046
773.15	9.144
773.32	9.283
773.50	8.877
773.67	8.921
773.85	9.148
774.03	8.721
774.20	8.869
774.38	9.256
774.55	8.926
774.73	9.100
774.90	8.645
775.08	9.084
775.26	9.193
775.43	9.010
775.61	9.405
775.78	9.166
775.96	9.421
776.13	8.721
776.31	9.594
776.48	9.314
776.66	9.159
776.84	8.993
777.01	9.484
777.19	8.818
777.36	9.104
777.54	9.548
777.71	9.036
777.89	9.421
778.06	8.905
778.24	9.337
778.42	9.063
778.59	9.177
778.77	8.953
778.94	9.056
779.12	9.333
779.29	9.077
779.47	9.247
779.64	9.278
779.82	9.190
779.99	9.149
780.17	9.487
780.34	8.917
780.52	9.938
780.69	9.295
780.87	8.912
781.04	8.905
781.22	9.264
781.39	9.410
781.57	9.506
781.74	9.130
781.92	9.721
782.09	9.494
782.27	9.254
782.44	8.959
782.62	9.352
782.79	9.516
782.97	9.443
783.14	9.802
783.32	9.293
783.49	8.730
783.67	8.604
783.84	9.440
784.02	9.270
784.19	9.002
784.37	9.024
784.54	8.888
784.72	9.102
784.89	8.948
785.07	9.239
785.24	9.648
785.42	8.809
785.59	8.800
785.76	8.919
785.94	9.028
786.11	8.670
786.29	9.155
786.46	9.248
786.64	9.551
786.81	9.198
786.99	9.386
787.16	9.356
787.34	9.595
787.51	9.110
787.68	9.176
787.86	9.268
788.03	9.580
788.21	9.737
788.38	9.332
788.56	9.372
788.73	9.538
788.91	9.052
789.08	9.404
789.25	8.851
789.43	9.369
789.60	8.971
789.78	9.454
789.95	9.333
790.12	9.381
790.30	9.377
790.47	8.970
790.65	9.272
790.82	9.713
791.00	9.065
791.17	8.998
791.34	8.953
791.52	9.068
791.69	9.215
791.87	9.426
792.04	9.011
792.21	9.629
792.39	9.321
792.56	9.214
792.74	9.572
792.91	8.995
793.08	8.732
793.26	9.106
793.43	9.760
793.60	9.162
793.78	9.102
793.95	9.252
794.13	9.545
794.30	9.250
794.47	9.667
794.65	9.608
794.82	9.801
794.99	9.397
795.17	9.051
795.34	9.307
795.52	8.462
795.69	9.343
795.86	9.492
796.04	9.095
796.21	8.769
796.38	9.351
796.56	9.086
796.73	9.727
796.90	8.131
797.08	8.266
797.25	9.071
797.42	9.479
797.60	9.404
797.77	8.514
797.94	9.107
798.12	9.584
798.29	9.588
798.46	9.775
798.64	9.450
798.81	9.486
798.98	8.329
799.16	9.485
799.33	9.924
799.50	9.515
799.68	8.981
799.85	9.267
800.02	9.721
800.20	9.359
800.37	9.213
800.54	9.508
800.72	9.345
800.89	8.973
801.06	9.258
801.23	9.268
801.41	8.832
801.58	9.565
801.75	9.598
801.93	9.031
802.10	9.302
802.27	8.865
802.45	9.252
802.62	9.449
802.79	9.356
802.96	9.620
803.14	8.542
803.31	9.568
803.48	8.598
803.65	8.533
803.83	9.164
804.00	9.215
804.17	9.781
804.35	9.890
804.52	9.537
804.69	10.071
804.86	9.772
805.04	8.733
805.21	9.791
805.38	9.760
805.55	9.718
805.73	9.305
805.90	8.931
806.07	9.452
806.24	9.609
806.42	10.413
806.59	8.903
806.76	10.241
806.93	9.176
807.11	9.707
807.28	9.616
807.45	9.107
807.62	9.072
807.80	9.244
807.97	9.731
808.14	8.576
808.31	8.681
808.48	9.634
808.66	9.210
808.83	9.897
809.00	8.787
809.17	10.007
809.35	9.876
809.52	9.950
809.69	8.704
809.86	9.209
810.03	9.493
810.21	9.597
810.38	7.848
810.55	10.116
810.72	9.163
810.89	9.805
811.07	9.466
811.24	9.458
811.41	9.517
811.58	10.343
811.75	9.455
811.93	9.516
812.10	9.567
812.27	10.069
812.44	9.159
812.61	9.334
812.79	9.803
812.96	10.405
813.13	9.250
813.30	9.850
813.47	10.464
813.64	9.613
813.82	10.478
813.99	9.517
814.16	9.725
814.33	9.619
814.50	10.593
814.67	10.464
814.85	9.866
815.02	10.217
815.19	10.639
815.36	10.439
815.53	9.868
815.70	10.027
815.87	9.041
816.05	9.370
816.22	10.593
816.39	10.344
816.56	10.113
816.73	9.198
816.90	9.933
817.07	10.594
817.25	8.724
817.42	9.542
817.59	9.427
817.76	10.509
817.93	10.409
818.10	9.209
818.27	9.751
818.44	9.795
818.62	9.998
818.79	9.730
818.96	8.983
819.13	9.162
819.30	10.046
819.47	9.274
819.64	9.139
819.81	10.357
819.98	8.410
820.16	10.141
820.33	8.587
820.50	8.074
820.67	10.282
820.84	8.797
821.01	9.564
821.18	10.147
821.35	9.793
821.52	9.237
821.69	10.382
821.86	10.683
822.03	11.191
822.21	8.118
822.38	10.486
822.55	10.779
822.72	11.223
822.89	10.312
823.06	12.692
823.23	9.146
823.40	10.223
823.57	11.194
823.74	10.168
823.91	9.427
824.08	9.666
824.25	9.850
824.42	11.557
824.59	10.330
824.77	10.693
824.94	9.502
825.11	8.788
825.28	9.123
825.45	10.981
825.62	10.858
825.79	9.419
825.96	8.298
826.13	10.068
826.30	11.595
826.47	10.047
826.64	9.633
826.81	9.787
826.98	8.570
827.15	9.621
827.32	9.826
827.49	10.579
827.66	9.970
827.83	8.630
828.00	9.167
828.17	9.094
828.34	9.085
828.51	10.385
828.68	9.498
828.85	9.795
829.02	13.318
829.19	9.696
829.36	11.974
829.53	9.473
829.70	10.350
829.87	11.124
830.04	11.687
830.21	9.992
830.38	7.021
830.55	9.972
830.72	11.428
830.89	9.115
831.06	10.837
831.23	10.215
831.40	11.709
831.57	9.666
831.74	12.537
831.91	10.663
832.08	7.645
832.25	10.518
832.42	11.554
832.59	9.452
832.76	10.895
832.93	12.452
833.10	11.079
833.27	10.980
833.44	10.322
833.61	7.269
833.77	10.448
833.94	10.058
834.11	11.374
834.28	10.336
834.45	7.475
834.62	10.915
834.79	10.009
834.96	9.992
835.13	9.502
835.30	13.630
835.47	11.049
835.64	14.189
835.81	10.750
835.98	11.572
836.15	11.794
836.32	11.498
836.48	9.432
836.65	8.717
836.82	9.809
836.99	10.069
837.16	12.045
837.33	14.370
837.50	11.600
837.67	10.663
837.84	12.705
838.01	9.272
838.18	9.066
838.34	9.238
838.51	11.309
838.68	12.358
838.85	10.886
839.02	9.683
839.19	11.528
839.36	14.692
839.53	11.644
839.70	6.658
839.86	10.823
840.03	10.723
840.20	11.293
840.37	7.828
840.54	11.758
840.71	11.021
840.88	10.255
841.05	11.170
841.21	7.491
841.38	12.516
841.55	8.981
841.72	9.943
841.89	11.452
842.06	8.230
842.23	9.853
842.39	13.047
842.56	11.504
842.73	11.523
842.90	6.353
843.07	11.721
843.24	12.622
843.41	13.856
843.57	5.176
843.74	11.569
843.91	10.183
844.08	7.633
844.25	11.501
844.42	7.092
844.58	15.552
844.75	8.865
844.92	10.703
845.09	11.318
845.26	7.483
845.43	11.222
845.59	7.813
845.76	18.611
845.93	14.403
846.10	11.127
846.27	10.959
846.43	14.782
846.60	5.129
846.77	12.529
846.94	11.268
847.11	11.618
847.27	12.412
847.44	11.493
847.61	12.765
847.78	7.448
847.95	10.281
848.11	4.455
848.28	6.732
848.45	13.949
848.62	9.519
848.79	2.395
848.95	8.563
849.12	13.813
849.29	13.851
849.46	14.995
849.62	13.456
849.79	12.124
849.96	14.296
850.13	9.756
850.30	7.912
850.46	12.899
850.63	7.505
850.80	13.622
850.97	3.735
851.13	9.277
851.30	10.564
851.47	14.342
851.64	9.047
851.80	12.528
851.97	6.996
852.14	10.316
852.31	1.142
852.47	11.646
852.64	10.767
852.81	7.258
852.97	8.687
853.14	9.542
853.31	16.255
853.48	8.290
853.64	7.254
853.81	9.278
853.98	10.209
854.15	12.886
854.31	14.036
854.48	7.984
854.65	11.822
854.81	14.238
854.98	13.806
855.15	14.336
855.32	6.634
855.48	13.616
855.65	14.143
855.82	14.204
855.98	11.020
856.15	13.543
856.32	5.806
856.48	10.117
856.65	15.009
856.82	17.958
856.99	16.494
857.15	10.633
857.32	13.234
857.49	17.737
857.65	17.875
857.82	15.289
857.99	1.049
858.15	17.337
858.32	6.623
858.49	4.272
858.65	9.020
858.82	10.921
858.99	14.910
859.15	6.179
859.32	24.951
859.49	11.379
859.65	21.800
859.82	9.574
859.99	19.948
860.15	10.140
860.32	2.775
860.49	23.038
860.65	20.466
860.82	14.413
860.98	16.856
861.15	1.680
861.32	8.414
861.48	21.771
861.65	5.727
861.82	18.614
861.98	11.034
862.15	4.394
862.32	11.180
862.48	-0.475
862.65	4.450
862.81	3.509
862.98	-1.031
863.15	10.899
863.31	13.610
863.48	12.414
863.64	24.113
863.81	15.725
863.98	20.678
864.14	6.807
864.31	10.417
864.48	-3.269
864.64	12.007
864.81	11.363
864.97	0.190
865.14	1.387
865.31	17.881
865.47	34.733
865.64	11.982
865.80	12.430
865.97	13.891
866.13	-6.288
866.30	8.248
866.47	22.950
866.63	-0.904
866.80	12.113
866.96	-1.009
867.13	20.050
867.29	13.165
867.46	4.721
867.63	16.925
867.79	26.354
867.96	-10.688
868.12	16.814
868.29	4.839
868.45	-5.875
868.62	22.558
868.78	3.908
868.95	9.393
869.12	15.764
869.28	9.660
869.45	4.283
869.61	17.713
869.78	3.727
869.94	20.717
870.11	17.198
870.27	15.494
870.44	13.297
870.60	13.103
870.77	15.524
870.93	19.318
871.10	2.170
871.27	9.740
871.43	17.634
871.60	18.333
871.76	12.999
871.93	6.112
872.09	14.463
872.26	14.800
872.42	22.653
872.59	22.596
872.75	17.200
872.92	14.723
873.08	16.200
873.25	7.354
873.41	9.411
873.58	9.663
873.74	12.579
873.91	18.109
874.07	1.989
874.24	18.928
874.40	3.988
874.57	25.251
874.73	23.789
874.90	-3.436
875.06	9.637
875.22	4.069
875.39	12.901
875.55	-9.813
875.72	-3.829
875.88	24.385
876.05	-8.104
876.21	-8.527
876.38	2.661
876.54	14.884
876.71	15.493
876.87	-3.160
877.04	1.876
877.20	-6.627
877.36	20.524
877.53	13.875
877.69	-4.055
877.86	7.955
878.02	-18.955
878.19	5.691
878.35	0.131
878.52	9.604
878.68	-21.146
878.84	11.506
879.01	13.825
879.17	25.759
879.34	21.985
879.50	22.616
879.67	7.393
879.83	18.894
879.99	3.966
880.16	12.445
880.32	17.246
880.49	8.779
880.65	13.489
880.81	25.267
880.98	1.909
881.14	17.771
881.31	12.857
881.47	8.561
881.63	12.026
881.80	1.784
881.96	7.154
882.13	15.220
882.29	9.952
882.45	19.182
882.62	23.214
882.78	26.829
882.95	14.715
883.11	7.609
883.27	-1.250
883.44	4.224
883.60	15.546
883.76	15.546
